14 43 82 4 78 9 48 45 48 28
41 92 94 81 90 74 46 86 6 53
15 7 16 34 71 96 32 40 82 95
10 36 53 71 42 18 48 90 8 67
40 6 49 98 14 91 43 43 20 88
83 63 55 64 44 55 84 2 66 5
82 50 62 27 10 45 39 50 59 45
66 98 54 62 6 80 58 61 74 69
0 55 3 22 20 44 60 76 63 15
91 62 40 93 97 40 38 22 72 48
4 98 1 39 24 41 25 73 49 35
66 8 1 48 75 59 30 43 87 58
23 82 90 41 93 36 96 32 60 71
13 93 77 30 25 31 68 72 45 95
35 68 54 24 89 70 40 8 49 30
44 74 92 89 30 75 31 66 91 60
1 59 47 70 13 29 54 67 19 67
96 54 30 44 94 72 26 49 43 34
98 91 85 18 90 80 5 91 97 1
22 30 22 79 97 70 75 99 39 24